182 167 167 167 167 183 171 184 176 181 184 167 167 167 167 182
167  15  52  52   8 180  81 184 119 160 184   8  52  52  15 167
167  52 144  98  15 181 117 149 142 181 184  15  98 144  52 167
167  52  98  79  19 182 135 109  98 180 184  19  79  98  52 167
167   8  15  19   4 184 168  67  72 170 184   4  19  15   8 167
184 184 181 178 183 178  45 118 118 180 178 183 178 178 182 184
184 184 117  40 162 184 184 184 184  72  40 162  40  40 133 183
184 184 149 109 109 184 184 184 158 175 184 121 184 184 103 173
184 183 149 109 109 184 184 184 158 175 172 109 133 177 127 177
170  80 117  40 162  49 184 126 125 184  53 179 116 114  79 171
183 180 181 178 183 174  70 182 182 184 179 156  65 181 180 183
167   8  15  19   4 178  40 109  95 156 165   4  78 184  72 169
167  52  98  79  19 178  40 109  51  19 104  25 168 150 121 178
167  52 144  98  15 178  38 142  97  98 181  96 120  86   0 167
167  15  52  52   8 178  39 127 103 174  87 176 105  95  37 167
182 167 167 167 167 183 171 177 177 184 171 184 178 176 172 182
217 198 198 198 198 218 203 219 210 216 219 198 198 198 198 217
198  17  62  62  10 214  96 219 142 191 219  10  62  62  17 198
198  62 171 116  18 216 139 177 169 216 219  18 116 171  62 198
198  62 116  94  22 217 160 130 117 214 219  22  94 116  62 198
198  10  18  22   5 219 200  79  85 203 219   5  22  18  10 198
219 219 216 212 218 212  53 140 140 214 212 218 212 212 217 219
219 219 139  48 192 219 219 219 219  85  48 192  48  48 159 217
219 219 177 130 130 219 219 219 189 208 219 144 219 219 122 206
219 218 177 130 130 219 219 219 189 208 205 129 158 211 151 211
203  96 139  48 192  59 219 149 149 219  63 214 138 136  94 203
218 214 216 212 218 207  83 216 216 219 213 186  77 216 214 218
198  10  18  22   5 212  48 130 114 186 197   4  93 219  86 202
198  62 116  94  22 212  48 130  61  22 123  30 201 179 144 212
198  62 171 116  18 212  45 169 116 116 216 114 143 103   0 198
198  17  62  62  10 212  46 151 122 207 103 209 124 112  44 198
217 198 198 198 198 218 203 211 211 219 204 219 212 209 204 217
151 138 138 138 138 152 141 152 145 150 152 138 138 138 138 151
138  12  43  43   7 149  67 152  99 132 152   7  43  43  12 138
138  43 119  81  13 150  96 123 117 150 152  13  81 119  43 138
138  43  81  65  16 150 111  90  81 149 152  16  65  81  43 138
138   7  13  16   4 152 139  55  59 141 152   4  16  13   7 138
152 152 150 147 151 147  37  97  97 148 147 151 147 147 151 152
152 152  96  33 133 152 152 152 152  59  33 133  33  33 110 151
152 152 123  90  90 152 152 152 131 144 152 100 152 152  85 143
152 152 123  90  90 152 152 152 131 144 142  90 110 147 105 146
141  66  96  33 133  41 152 104 103 152  44 148  96  94  66 141
152 149 150 147 151 144  57 150 150 152 148 129  54 150 149 152
138   7  13  16   4 147  33  90  79 129 137   3  65 152  60 140
138  43  81  65  16 147  33  90  42  15  86  21 139 124 100 147
138  43 119  81  13 147  31 118  80  81 150  79  99  71   0 138
138  12  43  43   7 147  32 105  85 144  71 145  86  78  31 138
151 138 138 138 138 152 141 146 146 152 141 152 147 145 142 151

182 167 167 167 167 184 183 173 177 171 183 169 178 167 167 182
167  15  52  52   8 182 133 103 127  79 180  72 121   0  37 172
167  52 144  98  15 178  40 184 177 114 181 184 150  86  95 176
167  52  98  79  19 178  40 184 133 116  65  78 168 120 105 178
167   8  15  19   4 183 162 121 109 179 156   4  25  96 176 184
184 184 184 184 184 178  40 184 172  53 179 165 104 181  87 171
181 160 181 180 170 180  72 175 175 184 184 156  19  98 174 184
176 119 142  98  72 118 184 158 158 125 182  95  51  97 103 177
184 184 149 109  67 118 184 184 184 126 182 109 109 142 127 177
171  81 117 135 168  45 184 184 184 184  70  40  40  38  39 171
183 180 181 182 184 178 184 184 184  49 174 178 178 178 178 183
167   8  15  19   4 183 162 109 109 162 183   4  19  15   8 167
167  52  98  79  19 178  40 109 109  40 178  19  79  98  52 167
167  52 144  98  15 181 117 149 149 117 181  15  98 144  52 167
167  15  52  52   8 184 184 184 183  80 180   8  52  52  15 167
182 167 167 167 167 184 184 184 184 170 183 167 167 167 167 182
217 198 198 198 198 219 217 206 211 203 218 202 212 198 198 217
198  17  62  62  10 217 159 122 151  94 214  86 144   0  44 204
198  62 171 116  18 212  48 219 211 136 216 219 179 103 112 209
198  62 116  94  22 212  48 219 158 138  77  93 201 143 124 212
198  10  18  22   5 218 192 144 129 214 186   4  30 114 209 219
219 219 219 219 219 212  48 219 205  63 213 197 123 216 103 204
216 191 216 214 203 214  85 208 208 219 219 186  22 116 207 219
210 142 169 117  85 140 219 189 189 149 216 114  61 116 122 211
219 219 177 130  79 140 219 219 219 149 216 130 130 169 151 211
203  96 139 160 200  53 219 219 219 219  83  48  48  45  46 203
218 214 216 217 219 212 219 219 219  59 207 212 212 212 212 218
198  10  18  22   5 218 192 130 130 192 218   5  22  18  10 198
198  62 116  94  22 212  48 130 130  48 212  22  94 116  62 198
198  62 171 116  18 216 139 177 177 139 216  18 116 171  62 198
198  17  62  62  10 219 219 219 218  96 214  10  62  62  17 198
217 198 198 198 198 219 219 219 219 203 218 198 198 198 198 217
151 138 138 138 138 152 151 143 146 141 152 140 147 138 138 151
138  12  43  43   7 151 110  85 105  66 149  60 100   0  31 142
138  43 119  81  13 147  33 152 147  94 150 152 124  71  78 145
138  43  81  65  16 147  33 152 110  96  54  65 139  99  86 147
138   7  13  16   4 151 133 100  90 148 129   3  21  79 145 152
152 152 152 152 152 147  33 152 142  44 148 137  86 150  71 141
150 132 150 149 141 148  59 144 144 152 152 129  15  81 144 152
145  99 117  81  59  97 152 131 131 103 150  79  42  80  85 146
152 152 123  90  55  97 152 152 152 104 150  90  90 118 105 146
141  67  96 111 139  37 152 152 152 152  57  33  33  31  32 141
152 149 150 150 152 147 152 152 152  41 144 147 147 147 147 152
138   7  13  16   4 151 133  90  90 133 151   4  16  13   7 138
138  43  81  65  16 147  33  90  90  33 147  16  65  81  43 138
138  43 119  81  13 150  96 123 123  96 150  13  81 119  43 138
138  12  43  43   7 152 152 152 152  66 149   7  43  43  12 138
151 138 138 138 138 152 152 152 152 141 152 138 138 138 138 151

182 177 178 180 183 176 182 180 180 174 179 167 169 169 170 183
173 108 118 132 176 129 166 146 130 102 158  46  91  92  81 177
171  77 103 128 114 120 101  94 107  85 146  33 109 122  86 176
177 138 162 122  80  78  60  93 111  70 110  32 103 117  86 176
171 117 178 114  59 101 124 105 109  54 103   6  25  26  44 175
181 131 106 104 103  79 132 126 105 116 106 120 156 176 141 180
174 107  89  96 132  61 119 105 138 161 127 124  71 121 104 178
175 108 110 120 113  93  94 131 153 127 125 106  93 131 126 179
171  95 104 124 115 135 122 141 142 151  93 120 125 128 170 183
177 111  61  68 150 113  98 167 157 156 143 129  72 107 164 183
177 124 135 138 173 118 117 126  97  61 110 104 109 149 147 181
167  46  33  32   6 117 138  99  97 141 115   8  31  33  47 175
169  91 109 103  25 149 150  98  99 130 148  31 100 114  85 176
169  92 122 117  26 162 152  95  99 105 132  33 114 126  87 176
170  81  86  86  44 174 158 133 126 110 120  47  85  87  81 177
183 177 176 176 175 183 182 181 180 179 180 175 176 176 177 183
217 210 212 214 218 209 217 214 214 207 213 199 201 201 203 218
206 128 141 158 210 154 198 174 155 121 189  55 108 110  97 210
204  91 122 152 136 143 121 113 127 102 174  39 130 146 103 210
211 164 193 146  96  93  72 111 132  83 130  38 123 139 102 210
204 138 211 136  71 121 148 125 129  64 122   8  29  31  52 208
216 156 126 124 123  94 158 149 125 138 126 143 186 209 168 214
208 128 106 114 158  74 141 125 165 191 151 148  84 144 124 211
209 129 131 143 134 111 112 156 182 152 150 126 111 157 150 213
204 113 124 148 138 161 146 168 169 180 110 143 149 153 202 218
211 132  73  82 179 134 117 199 188 186 170 154  85 128 195 218
211 148 161 165 206 141 140 150 116  73 132 123 130 178 175 215
199  55  39  38   8 138 165 118 115 168 136  10  37  40  55 209
201 108 130 123  29 177 178 117 118 155 176  37 119 136 101 210
201 110 145 139  31 192 181 114 119 125 157  40 136 150 103 210
203  97 103 102  52 207 188 159 151 132 143  55 101 103  96 211
218 210 210 210 208 218 217 215 215 213 214 209 210 210 211 218
151 146 147 148 151 145 150 149 148 144 148 138 139 139 140 151
143  89  97 109 145 107 138 121 107  84 131  38  75  76  67 146
141  63  84 105  94  99  84  78  88  70 121  27  90 100  71 145
146 114 134 101  66  64  49  77  92  57  90  26  85  96  70 145
141  96 147  94  48  84 102  86  89  43  84   5  20  22  36 145
150 108  87  85  86  65 109 103  87  96  87  98 129 145 117 149
144  88  74  79 109  51  98  87 114 133 105 102  58 100  86 147
145  89  91  99  92  76  77 108 126 105 104  87  76 109 104 148
141  78  86 102  95 111 101 116 117 125  76  99 103 106 140 151
146  91  50  56 124  93  81 137 130 129 118 107  58  88 135 151
146 102 111 114 143  97  96 103  80  50  91  85  90 123 122 149
138  38  27  26   5  96 115  82  80 116  94   7  26  28  39 145
139  75  90  85  20 123 124  81  82 106 122  26  83  94  70 145
139  76 100  96  22 133 125  78  82  86 109  28  94 103  72 145
140  67  71  71  36 143 130 109 104  91  98  39  71  72  66 146
151 146 145 145 145 151 150 149 149 148 148 145 145 145 146 151

183 174 173 173 171 179 175 177 183 183 180 171 173 173 174 183
174  82  90  89  46 144 107 125 170 163 149  46  89  90  82 174
173  90 122 113  30 178 119 130 127 106 146  30 113 122  90 173
173  89 113 103  29 159  70  92 126  75 108  29 103 113  89 173
171  46  30  29   7 119 127 107 119 132 105   7  29  30  46 171
181 156 147 109 102 106 128 127  96 141 110 115 147 134 119 178
177 104  87  73  57 114 163 128 150 156  65 139 131 104 111 177
181 133 107 112 108 105 136 152 145 158 101  97  99  98 127 179
181 149  96  92 106 128 106 130 140 166 128 100 100  95 131 180
183 168 106  58 123 132 122  92 123  97 116 140 151 155 160 182
178 128 122  80 100  79  59  93 135 116 118 115 148 162 174 184
184 176 118  81  61 102 132 114 116 147 171   7  29  30  46 171
181 133 127 127 117 107  96 119 125  69 138  29 103 113  89 173
180 121  99 161 178 103  91 107 108  62 131  30 113 122  90 173
179 110  77 136 116 135 107 109  95 112 125  46  89  90  82 174
183 176 175 179 175 182 177 178 175 179 179 171 173 173 174 183
218 207 206 206 204 213 208 211 218 218 214 204 206 206 207 218
207  97 107 105  53 172 127 149 202 194 177  53 105 107  97 207
206 107 146 135  36 212 142 155 152 126 174  36 135 146 107 206
206 105 135 123  34 189  83 110 150  89 128  34 123 135 105 206
204  53  36  34   8 142 152 127 142 157 124   8  34  36  53 204
215 186 175 129 121 126 152 152 114 169 132 137 175 159 142 212
211 124 103  86  68 136 194 152 179 186  78 166 157 124 133 211
215 158 127 133 129 124 162 181 172 188 121 115 119 118 152 213
216 177 115 110 126 153 125 154 167 197 153 119 119 113 157 214
218 200 127  70 146 157 144 109 147 116 139 167 180 185 190 217
212 152 145  96 119  94  71 111 160 138 141 136 176 193 207 219
219 210 140  97  74 121 158 135 139 175 203   8  34  36  53 204
215 159 151 151 139 128 114 142 149  83 164  34 123 135 105 206
214 144 117 191 212 124 108 127 128  74 156  36 135 146 107 206
213 130  91 162 137 161 129 130 113 134 149  53 105 107  97 207
218 210 208 213 208 217 211 212 208 213 213 204 206 206 207 218
151 144 143 143 142 148 145 146 151 151 148 142 143 143 144 151
144  67  74  73  38 119  89 103 140 135 123  38  73  74  67 144
143  74 101  94  25 147  98 108 105  87 121  25  94 101  74 143
143  73  94  86  24 131  58  76 104  61  89  24  86  94  73 143
142  38  25  24   6  98 105  88  98 109  86   6  24  25  38 142
149 129 121  90  83  88 106 105  79 117  91  95 122 110  98 147
146  86  71  60  46  95 135 106 124 129  53 115 108  85  91 146
149 109  88  92  89  87 113 126 119 130  84  80  82  81 105 148
150 123  79  76  87 106  87 107 115 137 105  83  83  78 108 149
151 139  88  48 101 109 100  75 101  80  96 116 125 128 132 150
147 106 101  66  82  65  49  76 111  95  98  95 122 134 143 152
152 145  97  67  50  84 109  93  96 121 142   6  24  25  38 142
149 110 104 105  96  88  79  98 103  57 114  24  86  94  73 143
149 100  81 133 147  85  75  88  89  51 107  25  94 101  74 143
148  90  63 112  95 112  89  90  78  92 103  38  73  74  67 144
151 146 144 148 145 151 146 147 144 148 148 142 143 143 144 151
